1.0000000000000000	1.0000000000000000
1.2914490668402778	2.3939333196017669
2.1345834224210165	4.4649338232897140
3.7347847744180491	7.9548140500771849
6.5367927672148944	13.7146788360264225
11.0349548237443216	21.7486821768397327
16.6655078296171695	27.1432368002817554
19.4603845267700777	18.6901848888662023
15.4087382797444441	1.5324614986284182
7.7635180790817309	-7.2326219458875993
1.4327994613345059	-8.6317050920927763
-2.4439552928413715	-8.1954549461636450
-4.6275060353445685	-7.9107766928355900
-5.9445943188824932	-8.1165810705890991
-6.9168044917087386	-8.7252162943626708
-7.7971641713605857	-9.5340293660529039
-8.6448926250672553	-10.2743085260426241
-9.3802609256620890	-10.6392681918286272
-9.8440526350962774	-10.3912183930492432
-9.8917725042921187	-9.5279518326738533
-9.4994606694588839	-8.3412959398212241
-8.8019921356096784	-7.2479886618524869
-8.0259954874268065	-6.5466754566901759
-7.3824098720253346	-6.3303686839000060
-7.0037633961362520	-6.5570989726344857
-6.9425440101617912	-7.1421460281008526
-7.1955877043103200	-7.9938994465217386
-7.7207336816669443	-8.9955175449206077
-8.4335503145522015	-9.9635742294452498
-9.1920574248309546	-10.6294861902390725
-9.7964553187722245	-10.7065878444900058
-10.0399821228425061	-10.0665687001951483
-9.8121065439119040	-8.8978128554966194
-9.1788546587614768	-7.6342229420928716
-8.3539459173391499	-6.6822002688022177
-7.5831406909628916	-6.2306804060792462
-7.0457322042652937	-6.2757850363883243
-6.8286502083673044	-6.7343430790615280
-6.9488285987093770	-7.5142038556227488
-7.3794282773999846	-8.5153237825331924
-8.0559853364315295	-9.5884427918823523
-8.8617897307404458	-10.4916424957281080
-9.6121731121862322	-10.9063498314543210
-10.0768641672255335	-10.5784612352279588
-10.0708465364805342	-9.5383020069998548
-9.5713901439832494	-8.1661400828237856
-8.7494206504440193	-6.9583958542888400
-7.8721845988173627	-6.2316469973821649
-7.1715274600945582	-6.0520994551017528
-6.7803766005651394	-6.3479803109154105
-6.7429361321217343	-7.0207536415176763
-7.0485430847782977	-7.9774489984588568
-7.6504516986844537	-9.0999920665156964
-8.4583307379184145	-10.1890920505330982
-9.3150551397208847	-10.9347528712034414
-9.9912510368261227	-10.9942831195983821
-10.2453234807739069	-10.2163265902477676
-9.9526140719014098	-8.8433207931439135
-9.2034318546783016	-7.4063557663799688
-8.2580744900925431	-6.3692525540117160
-7.3988952010659474	-5.9137553067737132
-6.8176301659525400	-6.0031821078851495
-6.5972830256002197	-6.5316243584680418
-6.7472461537783888	-7.4015766885169940
-7.2362506156556776	-8.5162852082732616
-7.9977441838796048	-9.7239510951942538
-8.9084031855955956	-10.7572326306935526
-9.7626748902813070	-11.2406450690614008
-10.2925653481150690	-10.8586193827281399
-10.2769418742799985	-9.6407308642152234
-9.6901575062750087	-8.0527723875829480
-8.7408312773343546	-6.6893343614254990
-7.7449429629817335	-5.8998158978533972
-6.9635369102257254	-5.7270315269372105
-6.5350098680328772	-6.0678545188480353
-6.4978538907775567	-6.8095720340273651
-6.8361150689531236	-7.8614784478689517
-7.5022515447817080	-9.1126125160919518
-8.4062228776522243	-10.3580915961843374
-9.3822717586269135	-11.2485871373926152
-10.1717348289810605	-11.3648953247434452
-10.4854740443247039	-10.4927261527347309
-10.1633707914067983	-8.9043701285224657
-9.3061560506922429	-7.2440765823184963
-8.2231315272881673	-6.0649498692927022
-7.2446095618708251	-5.5585081740355724
-6.5846292756399007	-5.6561004305324500
-6.3272804885345320	-6.2254876534279120
-6.4765907129215545	-7.1636398711516245
-6.9994915181595596	-8.3837027758317664
-7.8331281945102464	-9.7450940762590008
-8.8570527458130304	-10.9695650984328399
-9.8532253336320625	-11.6212020330861368
-10.5118548729674917	-11.2821001128812597
-10.5519201883701843	-9.9231085116958440
-9.9150137647888705	-8.0794966225211642
-8.8355711717592982	-6.4825109180171268
-7.6886333792936314	-5.5563346925518466
-6.7814866553656197	-5.3342569792584094
-6.2693454788840688	-5.6774336758958928
-6.1894110788065237	-6.4531449572467077
-6.5221649130386945	-7.5742985220692187
-7.2230805967709664	-8.9492024078523595
-8.2118350099900308	-10.3896621205475803
-9.3285958049357447	-11.5259254012663579
-10.2951010229729167	-11.8447616384378609
-10.7612188853866630	-10.9951133454319354
-10.4911541990145381	-9.2049288027568963
-9.5587414160327207	-7.2396078517230880
-8.3178175322215804	-5.8091700510088806
-7.1680080310843906	-5.1618955893255833
-6.3680242164533274	-5.2029797268187989
-6.0144734472156136	-5.7628985756379851
-6.1089359300459911	-6.7257118791244483
-6.6178289210978241	-8.0193878377714700
-7.4881634551623231	-9.5360371158325670
-8.6178774128553925	-11.0217255177333744
-9.7983650521135175	-12.0020886010459069
-10.6870860042057796	-11.9108073836172661
-10.9124522202506320	-10.5382587848960654
-10.3210569020781531	-8.4089385252346638
-9.1321599715351844	-6.4429233824546355
-7.7894158091972328	-5.2377605156066132
-6.6808742512229866	-4.8613549255637283
-6.0050323657120854	-5.1326354551695772
-5.8077468283191198	-5.8807749608491733
-6.0665505898073944	-7.0143675229082199
-6.7410230303234133	-8.4722050320278619
-7.7709081135347882	-10.1192351281927770
-9.0276451656368923	-11.6201383038764767
-10.2458908228441814	-12.3892350065778452
-11.0191490303153348	-11.8409571242694778
-10.9767627352823567	-9.9729833405855715
-10.0760246677909713	-7.6054515848324105
-8.6769904108657023	-5.7232798575019022
-7.2792566628429309	-4.7582269367567118
-6.2352499528330334	-4.6220709757522647
-5.6831164222392614	-5.0857411497187135
-5.6288764978978367	-5.9946108502876632
-6.0358573902254902	-7.2837281824638591
-6.8620669667789400	-8.8988172045060381
-8.0409512949057689	-10.6705388737559197
-9.4144491257497105	-12.1718894863790172
-10.6556361991829878	-12.7037121176263081
-11.2967094793153180	-11.6911852197726631
-10.9856433533203326	-9.3789432170820817
-9.8033156048067518	-6.8525114419563486
-8.2344601537915274	-5.0896860429034430
-6.8074443702644185	-4.3433852094264420
-5.8292002555983355	-4.4035300589621462
-5.3845140573166450	-5.0195310733674736
-5.4500567936298765	-6.0604868190476591
-5.9822400434862324	-7.4876312745977867
-6.9417171746745101	-9.2536154925620302
-8.2584968805425714	-11.1559455653910788
-9.7467756222115227	-12.6745501893764949
-11.0179066749321493	-12.9933780623726616
-11.5429664451434491	-11.5534274045605549
-10.9910371971748813	-8.8477437722297481
-9.5611660356813495	-6.1936101718045595
-7.8451942458105801	-4.5325449332764851
-6.3880274541260773	-3.9555948694014029
-5.4542524555175458	-4.1597081296137990
-5.0852721140288066	-4.8846676847395756
-5.2362468269049698	-6.0233468075491325
-5.8611239716266166	-7.5632416860481726
-6.9272706937892670	-9.4710033182036142
-8.3683587911123496	-11.5262946300003541
-9.9814662198864106	-13.1299332972460476
-11.3236173802506315	-13.3378903453922266
-11.7968147791263078	-11.5598615147144681
-11.0661670201282742	-8.4894372598265875
-9.4228195507076791	-5.6686330635508471
-7.5561845782540322	-4.0346735041186763
-6.0365447690488345	-3.5526627793054555
-5.1012435435943431	-3.8403325980064480
-4.7587071073410003	-4.6239987928615403
-4.9463562927578373	-5.8136500112021885
-5.6166267134671557	-7.4237253753596377
-6.7473839625934788	-9.4505312777005095
-8.2888198129175379	-11.6923217175773502
-10.0457721039586882	-13.5145887795112767
-11.5440486778359048	-13.8329294005504178
-12.1004297039301321	-11.8962715776791157
-11.3082208264642041	-8.4663217521319964
-9.4917439597170024	-5.3461092628669871
-7.4399284429420263	-3.5898813140209223
-5.7862987831088049	-3.0949096930078515
-4.7717378099018246	-3.3930644946721977
-4.3829215853409824	-4.1737968062949111
-4.5381490123986961	-5.3476196035537704
-5.1837284380136639	-6.9531815962695074
-6.3085585231173855	-9.0364551846650762
-7.8954904662686598	-11.4741554281688352
-9.8001896859296167	-13.6965754196294576
-11.5756830225450749	-14.5183396173363146
-12.4538160720985651	-12.8133111941402476
-11.8332689133977329	-9.0800689735333293
-9.9344848080933783	-5.4079521177634007
-7.6393789775148075	-3.2474742882669076
-5.7263805630320608	-2.5610251254640071
-4.5047753548404081	-2.7698020665060086
-3.9595095392554849	-3.4710836340734326
-3.9833003081619065	-4.5383865705802808
-4.5019998024430716	-6.0173365436910826
-5.5048743622410923	-8.0110553421830240
-7.0139987725414787	-10.5365986446854301
-8.9856975285559066	-13.2577933886593442
-11.1163506529181042	-15.1175585387706413
-12.6584762507646502	-14.5038942474990371
-12.6945084516859072	-10.9300316655664442
-11.0206255212726862	-6.3995973952029406
-8.4734345456418065	-3.2686572819025486
-6.1051883319759588	-2.0078305275536326
-4.4527174371488458	-1.9453211301502153
-3.5653705790774790	-2.4694276723189947
-3.3079239326752976	-3.3272232109872242
-3.5573087669853880	-4.5178982019415059
-4.2690388585067875	-6.1662237129382236
-5.4748335077385395	-8.4248230760254099
-7.2342804313183819	-11.3174240666583898
-9.5053739692734798	-14.3830707323814408
-11.8825372541811429	-16.1809812279427163
-13.3805138665737147	-14.6999406011862206
-12.9423994513372911	-9.9099906541922032
-10.6269820767355334	-4.8444961330802077
-7.6524135709599062	-1.9207695845004351
-5.1553243141564309	-1.0186807241454274
-3.5374462127516653	-1.1610759481309623
-2.7143651016115626	-1.7212976929249753
-2.4837462260234031	-2.4999980092220797
-2.7012350911964762	-3.5370558289374237
-3.3227077967378236	-4.9886482573767843
-4.3969633588772368	-7.0685482637285713
-6.0369909516051905	-9.9650787696347454
-8.3370110950592178	-13.5711974707454655
-11.1363749875673861	-16.8316558459174246
-13.5973755478984124	-17.2179335197880476
-14.2133872454920400	-12.7999298618421911
-12.2324021685432758	-6.1594221033882555
-8.7714613712434790	-1.5877706983252065
-5.5096524299802274	0.1051963356686445
-3.2423277212318071	0.2392097427440525
-1.9463006950168578	-0.1337663715445364
-1.3332093757366121	-0.5993821586277051
-1.1490338828408875	-1.0918214294486579
-1.2480072837176093	-1.6825696537853325
-1.5836631540345718	-2.5018666427037854
-2.1898934844763107	-3.7327526968865774
-3.1741995895689601	-5.6316546001096874
-4.7193977153194648	-8.5268710086244983
-7.0584633101315202	-12.6619253950337178
-10.3025768010560625	-17.5162518853022391
-13.8811662065852275	-20.3232571768468091
-15.8520411317784866	-16.5759163061993036
-14.2262721781130459	-7.3999163238335974
-9.8736253578136388	-0.2371285763317079
-5.4004786984507032	2.4102530861749543
-2.2228339660951999	2.7149947259491372
-0.3273462467617398	2.4970321083467986
0.7630688208161742	2.4604583601019825
1.4873748873737673	2.7987246956089851
2.1534476375996476	3.5854825871534168
2.9812779378784739	4.9287704916372093
4.1622712477226811	7.0086151793174905
5.8903333491414038	10.0158065755041772
8.3151419836457290	13.8633025533535221
11.3052414808722457	17.4322567122569509
13.9621207823201559	17.8669720359110364
14.5909115626091026	12.9197696394638726
12.3632876775199652	5.6405448871057597
8.5896038248434934	0.8634591602626660
5.1232013116897601	-0.7723791085485066
2.7590300753105468	-0.8536795016985759
1.4072840826909871	-0.5160219527214420
0.7257000375414786	-0.1838829889984564
0.4245682470078237	0.0642673968722164
0.3264907745379986	0.2615942792183652
0.3433838095662303	0.4638611011766592
0.4446528191608057	0.7308228156304226
0.6373591395446996	1.1347019549484552
0.9602422422642370	1.7800711090801875
1.4899249287974961	2.8333150185061062
2.3586563093155268	4.5631147847462659
3.7816569493235828	7.3784734267058720
6.0739220816774431	11.7669970714937602
9.5500474135700468	17.7200199805314114
13.9537288322302473	22.7168900696029290
17.1723788012731227	20.0907450359456519
15.9538939958721340	8.4615921023082521
10.7154599501726491	-1.3861694743110338
5.0629946713556402	-4.7969235818089064
1.0736162476617865	-5.0929528296772215
-1.3028024015075887	-4.8933519211256806
-2.7353716879362646	-5.0859828556122109
-3.8053541211082793	-5.8746640766898430
-4.8996788395917514	-7.2945678423235352
-6.2548810971676740	-9.3233766465823571
-7.9751305665781942	-11.7621873030563471
-9.9572263322614862	-13.9507285020458767
-11.7412390634672779	-14.6112767927033094
-12.5342118130685893	-12.6375060244551598
-11.7679276791113203	-8.7203916348175401
-9.7513480243099124	-5.0644849714320754
-7.4168238782987279	-3.0198061191604060
-5.5244709548705657	-2.4333970070636286
-4.3454696590174349	-2.6988064969833925
-3.8416549369720103	-3.4286214384167799
-3.8992906253372071	-4.5152821527472611
-4.4466602074182582	-6.0178480039947582
-5.4788477121014445	-8.0487129689667363
-7.0241997711036586	-10.6292792639048947
-9.0417736914082916	-13.4119578317428125
-11.2178291715273719	-15.2917545112424040
-12.7732821601395194	-14.5883668539171403
-12.7607946721144767	-10.8411525874193018
-10.9978313680507949	-6.1957900810794619
-8.3758039867872149	-3.0606015553482493
-5.9722566317727308	-1.8395187113530158
-4.3128840578898657	-1.8066106801677384
-3.4283322933702047	-2.3383391158818680
-3.1716285830985007	-3.1862542345224840
-3.4149473812163356	-4.3557124304378476
-4.1133752677479762	-5.9782038402478213
-5.3020994833115660	-8.2195106548843064
-7.0513087363128397	-11.1340220228284785
-9.3429217651855101	-14.3157594864501121
-11.8062331243908680	-16.3572491443310746
-13.4591596879885778	-15.1145572601597848
-13.1569883080381960	-10.2960950641359350
-10.8566388438818677	-4.9720305196527113
-7.7913509468335054	-1.8281998891393156
-5.1789119849950751	-0.8272531749489695
-3.4674956341346399	-0.9320567805693932
-2.5753582511976134	-1.4597994799130309
-2.2859443784289040	-2.1837345901522851
-2.4389787300480585	-3.1304539227646533
-2.9766322305124531	-4.4477855160329653
-3.9376593836013787	-6.3505212867629117
-5.4358595994655028	-9.0659041117418120
-7.6017991865118075	-12.6372731417241049
-10.3971030122640151	-16.3516839706041317
-13.1964855484524808	-17.9292041559846176
-14.5160296028632807	-14.6245801659116417
-13.1254172414758479	-7.7499337524868057
-9.7274809580230297	-2.1701825105648194
-6.1558806780046549	0.2133465467983218
-3.5256522136747561	0.6094167659325668
-1.9526372198505795	0.3168422689461490
-1.1474321329492683	-0.0857783820065860
-0.8117216015066717	-0.4593327704075856
-0.7526943327466215	-0.8346951481030467
-0.8794118264021594	-1.2972512403949721
-1.1766143800415780	-1.9617695634065591
-1.6888082233007164	-2.9876367931932073
-2.5208479864759283	-4.6109756236353370
-3.8510467216272910	-7.1715407580324539
-5.9363421790922626	-11.0530632573724148
-9.0256293512172157	-16.2361362873794590
-12.9313969143495715	-20.8403776551413529
-16.0759776277466386	-19.7609228864727022
-15.7366471525009128	-10.6599042569976632
-11.5993809278183271	-1.2072140210612332
-6.4625951990847739	2.9675516164957800
-2.5320865869644420	3.7029604254015425
-0.1126349126722266	3.5255388688084195
1.2992228024368375	3.5049844399966412
2.2415248602844766	3.9456333132580390
3.1030257487851869	4.9420234104190408
4.1527419633616800	6.5868818613268187
5.5949591534622085	8.9847266289337462
7.5713749900966532	12.0855291993345997
10.0397686668148687	15.2388751739733461
12.4816097399692563	16.6526403108112468
13.7361003146660643	14.2235375437082698
12.7881195696901440	8.6775010205392249
10.0367710227420552	3.6597962725412323
6.9162715662196339	1.1607354745731531
4.4833075466465990	0.5735309884249262
2.9868984740665496	0.8413246793469175
2.2588406115678117	1.4074631773202189
2.0736251693782606	2.1305289171337316
2.2884907024679690	3.0754708609681884
2.8658981304777371	4.4067821600436510
3.8621836050194736	6.3520791213482006
5.4075763927235068	9.1551872136508088
7.6488915883696720	12.8712239829094823
10.5530103303840690	16.7427994717449486
13.4503165357630756	18.2985410049433881
14.7423173306271522	14.6118775824901466
13.1598529269082594	7.3140093939844499
9.5487727596539855	1.6494605423076898
5.8621217334247451	-0.6340349326698078
3.1999916370255996	-0.9562606703829786
1.6212121154529848	-0.6632813003998835
0.7985833192481449	-0.3245423324975559
0.4142444393783175	-0.0762056089574256
0.2608402544165855	0.0966661839797368
0.2277606135015802	0.2414095674696330
0.2669530859036483	0.4055391047417955
0.3679279171748550	0.6379198903183942
0.5459562399091538	1.0014138732399707
0.8413012411758298	1.5920135886647522
1.3280369164195238	2.5668499301869225
2.1330558693292367	4.1848752996684722
3.4654810131222296	6.8523991912703472
5.6423982624664699	11.0962704459026185
9.0223505676578775	17.0998053078258607
13.5125355032825123	22.8071290906197568
17.2274069361943880	21.4911563165336901
16.6078516958636868	9.9329532362774025
11.4516030873897723	-1.0581286001131769
5.4757314940969772	-5.1312427734139554
1.1535700051251370	-5.5610229410059651
-1.4351652244251372	-5.3372232504222463
-2.9813494623970955	-5.4894014927777759
-4.1059056876203375	-6.2442720407602081
-5.2184441796560321	-7.6177567648195668
-6.5565092066456607	-9.5454559099730556
-8.2050059476196502	-11.7741832928159020
-10.0328475083772730	-13.6271066506977085
-11.5860570735738850	-13.9655991196671874
-12.1710670897525439	-11.9854265414268131
-11.3664499754037482	-8.4605976636730809
-9.5068703840540820	-5.2625432670908685
-7.4083414147162969	-3.4755821816877863
-5.7210647295048780	-2.9776598496571776
-4.6865247820401663	-3.2777212060369503
-4.2854716528305641	-4.0556254186531273
-4.4310254737870656	-5.2217473591888952
-5.0675783792092943	-6.8203622787056020
-6.1864431451196307	-8.9098848101365427
-7.7788783115507778	-11.3892279584927820
-9.7156441783202254	-13.7136521994819578
-11.5626401452430265	-14.6848820188846183
-12.5357103068927920	-13.0755224797755734
-11.9780376558102937	-9.2821845673708694
-10.0696259130534589	-5.4555354380366579
-7.7118178594526965	-3.1718182943146958
-5.7260308863123637	-2.4250471674887879
-4.4446817394601679	-2.6063527518981728
-3.8539849168809415	-3.2844163669471094
-3.8394200747554210	-4.3195903746157214
-4.3198768822203810	-5.7560561800619920
-5.2822618378957973	-7.7076262683374583
-6.7556851130844464	-10.2242463734992501
-8.7211306216376911	-13.0383150625901756
-10.9212227754963127	-15.1686578316652270
-12.6419778827601199	-14.9342166228655735
-12.9020005495487116	-11.5330829179435170
-11.3504312150160054	-6.8051494524788465
-8.7649460363788751	-3.3590746883404670
-6.2693158468693824	-1.8919784649775424
-4.4838154425782282	-1.7341772935830231
-3.4895869047050470	-2.2062314280852653
-3.1471491482664486	-3.0081382655305102
-3.3179821360094923	-4.1173625792760289
-3.9433680959069020	-5.6535773861574388
-5.0485363343589320	-7.7862166121828906
-6.7054364086047569	-10.6081620169632913
-8.9273201601096837	-13.8294389578869250
-11.4272688031371992	-16.2322067616278964
-13.3197444265485743	-15.6575492381521819
-13.3934626109942752	-11.2579191912753256
-11.3486617659625040	-5.7202275395915168
-8.2894524545813866	-2.1347357446216759
-5.5339089689339307	-0.8459908047074249
-3.6603351672248596	-0.8297164545906703
-2.6407144999655556	-1.3097773279842317
-2.2588010405535397	-1.9955282059719037
-2.3368552366780437	-2.8825745798976898
-2.7979514609655305	-4.1026708408089609
-3.6644641547114012	-5.8615658907642834
-5.0397691544864784	-8.3958149409362708
-7.0635628672493249	-11.8250837582124948
-9.7647345339802101	-15.6747694096218595
-12.6871242401905313	-18.0138996893337264
-14.4879166837615188	-15.8344013638817405
-13.6849456322801863	-9.2576639858381569
-10.5345597671130218	-3.0216242594951224
-6.8338440277879107	0.0046851855896808
-3.9476272154372927	0.6878632910772118
-2.1571472121278159	0.4718658911081940
-1.2072423036453355	0.0813524667312953
-0.7798327524722974	-0.2773484571050748
-0.6538850028030098	-0.6097178064376194
-0.7145445318997932	-0.9870350623030416
-0.9259730413130958	-1.5056754443300315
-1.3105215101539291	-2.2941883723442813
-1.9439786531316883	-3.5413605461807220
-2.9659698759599631	-5.5322557121926614
-4.5971608038653446	-8.6583473046832413
-7.1251287712203659	-13.2507734483530921
-10.7115908565674314	-18.7483794430535937
-14.6852546163635029	-21.7224725736311228
-16.6422035212618056	-16.6234520855997907
-14.3388661484906557	-5.7979340221716829
-9.2282616461402363	1.5730551722946995
-4.3809073757913097	3.8151509146303728
-1.1069219479525314	3.9073779062916882
0.8216957084221399	3.7414853523528717
1.9959945683117100	3.9500669495751222
2.9029480488766310	4.6972589152357642
3.8762123871723260	6.0599579618754493
5.1502433655322379	8.1250525009832870
6.8911805314020151	10.9020999211467995
9.1343616176716438	14.0050260635394199
11.5680266128907228	16.1305907173974248
13.2881261024531376	15.2074239592066043
13.1664680817935462	10.7210119550571683
11.0489511564459999	5.4442011599819740
8.0647808952831248	2.1526915580851926
5.4417862511578496	1.0176770550844139
3.6864397189840807	1.0606711622130665
2.7551862128386109	1.5777088863456108
2.4441749225299638	2.3176412852530199
2.5937738415969216	3.2949360414834845
3.1436177751380256	4.6528228394397448
4.1292952305905448	6.6008206766191231
5.6583920795806408	9.3479096794034646
7.8440146928467502	12.8848319829095654
10.6058622045126185	16.3995052902410521
13.2603723522774306	17.5783529660162365
14.3444353315221047	13.9903082313365399
12.8013758529613941	7.3150538115679824
9.4454381104903540	2.1306263741986191
6.0243079679413221	-0.0241458666700307
3.5395571819036817	-0.3445667125182251
2.0719421252806685	-0.0217434204025023
1.3443787680531623	0.4259045853181517
1.0817086087415131	0.8863377812033177
1.1137029342854130	1.4109044277561191
1.3725937914108335	2.1139667499037205
1.8720547130673073	3.1567465551507530
2.6970930230240038	4.7669601136248270
4.0069076778393313	7.2568305533209241
6.0302365012866739	10.9550284991024469
8.9739928660269506	15.7837023524785351
12.6311413703006679	19.9908313039878109
15.5712937554527677	19.1043796522355045
15.3816894533543316	11.0120444558832311
11.6815485126318279	2.1878117256563669
6.9003338268622452	-2.0339784811700117
3.1311350601094738	-2.9160100086524046
0.7759965885742637	-2.7610594099614327
-0.5785843034892095	-2.6400365861051776
-1.4238846500072868	-2.8755258896226601
-2.1235968748207359	-3.5618597713229443
-2.9302415993038982	-4.7909394272938313
-4.0460895053974220	-6.7180705822354341
-5.6634383673160276	-9.5210156207872689
-7.9367095531893330	-13.1634404817455497
-10.7910609378036391	-16.7524793961755272
-13.4918067634699383	-17.7943608511041802
-14.4878969208517283	-13.8067920320226740
-12.7445104168235019	-6.8406854874496723
-9.2231479695006726	-1.6861060166155024
-5.7429159396180784	0.3363832486579486
-3.2645642839204783	0.5819540060211315
-1.8148953020296665	0.2541262967209552
-1.0889700266012909	-0.1486266563261006
-0.8006261789332506	-0.5220016600308708
-0.7724901431528854	-0.9086796255428490
-0.9257979325361065	-1.3991781672601362
-1.2547415092076644	-2.1144953076618940
-1.8129074219862003	-3.2248297822338943
-2.7161241765070780	-4.9826420340257904
-4.1561386338450124	-7.7433492047290757
-6.3986445660815479	-11.8697056636778342
-9.6612461764207307	-17.1585746251137437
-13.5913409206712288	-21.1967150377224982
-16.3096757929048870	-18.6344628604571234
-15.2237135363200906	-8.7880206865697801
-10.6987825628012132	-0.1395582851075581
-5.6855709778069112	3.2158957128618995
-2.0389698253175323	3.6611985091292527
0.1610446769959637	3.4660809653001126
1.4543314079423695	3.5096409280472458
2.3548723761062380	4.0329979523791692
3.2256835046420962	5.1225943564793237
4.3211153711748143	6.8776592661764617
5.8378207963603970	9.3989034479784994
7.9032326906278971	12.5871683701758492
10.4281458739194086	15.6490733789802619
12.7947527431563834	16.6150354936849105
13.7728889545824611	13.5566671475668805
12.4851275703367897	7.8045391730893305
9.5645912270326576	3.0874047384841079
6.4825318857263428	0.9370649654052099
4.1769836425433429	0.5352001672584865
2.8027327626566252	0.8687025003053059
2.1626922048048183	1.4539403817844534
2.0361763804372597	2.1901988654129378
2.2939883349215693	3.1603259389298382
2.9116385021952169	4.5380759167777267
3.9564311578470739	6.5578787531145508
5.5667823660286837	9.4629672558741760
7.8883359979626144	13.2733311408128341
10.8554725245362249	17.1034299199638973
13.7073440475163260	18.2847326778713608
14.7689334529974623	14.0384527420638108
12.9028605404732186	6.6002043488640707
9.1668715643885328	1.2201989296169398
5.5217610308520708	-0.8017437269691996
2.9548974455834607	-1.0163309199742505
1.4542254482415533	-0.7080049350217317
0.6758005096793303	-0.3910071978846862
0.3060405598905950	-0.1800379105666162
0.1439215997696240	-0.0586327165792482
0.0808762950044613	0.0118327090735737
0.0649960356463575	0.0623372255579746
0.0748588784176652	0.1146831790578624
0.1050267500924542	0.1871029464427693
0.1597680855831857	0.3009004034338415
0.2520063647368076	0.4879531771079903
0.4061527764391573	0.8010882218956443
0.6650916308246859	1.3306684532711794
1.1031191442708179	2.2322875370762558
1.8481338230731095	3.7713863159456751
3.1163272754448830	6.3825861413315099
5.2510773128618480	10.6808856726926233
8.6872949797697423	17.0682181812717744
13.4860593412414786	23.7401443283272968
17.7832945698588638	23.1925000393841003
17.4089893967886837	10.4693599865442604
11.8029863413321081	-2.0009619673010182
5.2202734430196198	-6.4064112051397206
0.5107137446689771	-6.7574176195539506
-2.2793493521185795	-6.4669511003677584
-3.9320777948154437	-6.5964359349979098
-5.1131217713255417	-7.3212051644405278
-6.2323707841074096	-8.5748918039724753
-7.4869270641571894	-10.1716956194186103
-8.8852706915668822	-11.7306987782572989
-10.2255483729646652	-12.6072672102224512
-11.1088488098863358	-12.1210375289017360
-11.1321149667583210	-10.1903840691338967
-10.2234879188141488	-7.6645325948253760
-8.7558218729847184	-5.6304475711203779
-7.2693416426399127	-4.5754945028258529
-6.1478938885395227	-4.4006202969216535
-5.5393469134499744	-4.8490854407549895
-5.4469718619173717	-5.7514269498284616
-5.8302387351538121	-7.0448936607780022
-6.6489679730969158	-8.6924618626067343
-7.8471540328339247	-10.5532602782746388
-9.2839380786042796	-12.2218793846520590
-10.6415561270127714	-12.9661849285302146
-11.4249899082338846	-12.0880301810972455
-11.2129222398539774	-9.7145716678250942
-10.0310198424410011	-6.9793242957790138
-8.3766865007062670	-5.0103145565270522
-6.8326663540399828	-4.1361409925231767
-5.7476997714286746	-4.1314365029877136
-5.2195723235237184	-4.7097907505453591
-5.2217050339077895	-5.7212489551546648
-5.7058332168759840	-7.1306593200798165
-6.6361157836411095	-8.9175266700799138
-7.9602904848932532	-10.9286838376672470
-9.5238817608407889	-12.6908749858147676
-10.9608604632360098	-13.3491093107800314
-11.7060403765278114	-12.1453905518867629
-11.3187564961895824	-9.3739758281772101
-9.9078446246273764	-6.4256552975381727
-8.0817730554240903	-4.4717514372655227
-6.4649131560248065	-3.7109801892091716
-5.3815405549549027	-3.8154211815282042
-4.8910475983706050	-4.4735385263102918
-4.9435407739378441	-5.5504400288723268
-5.4855409869153080	-7.0370963990519924
-6.4885845732080902	-8.9389651029903199
-7.9130936314293372	-11.1162731659500853
-9.6092841540099112	-13.0634487810861462
-11.1832827771281753	-13.8069995761822675
-11.9959888418228644	-12.4465642657614666
-11.5409042158261954	-9.3254716769189763
-9.9554423591401964	-6.0811929398677851
-7.9458460698707265	-4.0156649402695299
-6.2025627836184398	-3.2630788019899848
-5.0537179191289017	-3.4022880770736945
-4.5347602001228671	-4.0810164712247072
-4.5746365270045324	-5.1642508426146154
-5.1119661602032718	-6.6643170069326469
-6.1256641433331520	-8.6258609187882023
-7.6001645912212616	-10.9664992264659222
-9.4224852329781505	-13.2266472602244516
-11.2187042088126798	-14.3617765543423275
-12.2881210986715157	-13.1924153598280647
-11.9728300882708787	-9.8312816352155021
-10.3169357575544041	-6.1150545635576199
-8.0957639048469385	-3.6910430748377525
-6.1254379282795988	-2.7728109773409226
-4.7982974696561183	-2.8455382627585135
-4.1500633288749320	-3.4718483400366846
-4.0870084672474425	-4.4822262081460078
-4.5291787228500260	-5.8940064355392714
-5.4542911597476911	-7.7965483051136673
-6.8758823672761560	-10.2135171055830902
-8.7562834123563924	-12.8606938231773658
-10.8310567614872735	-14.8022433111176852
-12.4257436489575372	-14.5230260120285006
-12.6521470275899279	-11.3593728014572477
-11.2059049366725887	-6.9768189635455409
-8.7919688980128008	-3.7230642855288534
-6.4394851944659575	-2.2899020088384350
-4.7409015209194898	-2.1189379754058675
-3.7968793854104455	-2.5963041651737830
-3.4945035517377097	-3.4395989035159036
-3.7135489690890875	-4.6249770368881311
-4.4038121821898430	-6.2609704275109941
-5.5873302207737048	-8.4836801467316185
-7.3104230938445980	-11.2963349004485902
-9.5160819477724559	-14.2275829884814726
-11.7969622888680448	-15.8904928526072062
-13.2109352244392397	-14.4264841279592932
-12.7764153051623701	-9.8633871598128948
-10.5608572811294099	-5.0302183951400110
-7.7088911992627489	-2.1969915944235150
-5.3003889403204152	-1.2986509126409045
-3.7342456594273870	-1.4373189791423135
-2.9458998352298402	-2.0190811832071685
-2.7518031732168762	-2.8525822850104872
-3.0205851143851699	-3.9802232349790598
-3.7166086162868885	-5.5584037845522509
-4.8916219112810335	-7.7870753398025609
-6.6460636739909384	-10.7906670265054796
-9.0184261619280068	-14.2794589091592776
-11.7114814799272580	-16.8941859297652748
-13.7306783561931383	-16.1382473604771413
-13.7024205407038959	-11.1042840605151376
-11.3547707556723090	-5.0586558935873285
-8.0049855823541058	-1.3930781961355829
-5.0891118812026992	-0.2024759654070962
-3.1531166361312937	-0.2470475650012929
-2.1008484788196267	-0.6980862122067614
-1.6686874138692125	-1.2663628174364234
-1.6509408590944878	-1.9449827571570248
-1.9495576624946334	-2.8481914974696769
-2.5653804540009002	-4.1587566530018609
-3.5846060688595900	-6.1238923798533449
-5.1673454792667259	-9.0288092771120354
-7.5014276009417884	-12.9992851723571139
-10.6035884870448847	-17.3116977761306075
-13.7937416709032661	-19.2242149565200080
-15.2642032393479816	-15.1774092423385856
-13.5050246821493438	-6.9753520089538696
-9.5004532765692140	-0.8145207189697850
-5.4896952106640775	1.4977175425351055
-2.6472942672651114	1.7651937967491771
-0.9648340652580658	1.5045764603657721
-0.0412227591950198	1.3194110977120292
0.4938222600458496	1.3650598610055622
0.8920126150376884	1.6732777409625568
1.3183405640692452	2.2887777333489563
1.9032096150377049	3.3215007041707247
2.7879275316022953	4.9733142646204982
4.1593804962284260	7.5450383483873509
6.2577834109574511	11.3440189410360972
9.2768440519351998	16.2031357292976352
12.9367607297179266	20.1430951483899925
15.6804023992253523	18.5969468752262301
15.1490215582982195	10.1458233085685077
11.2613019762612545	1.6698732412877870
6.5333439307994858	-2.1494338970250020
2.9041706398753835	-2.8707285954699322
0.6638406108680055	-2.6922426570358162
-0.6227841655767599	-2.5889324339928614
-1.4356224970070477	-2.8476535504889653
-2.1244940616191514	-3.5558666492277382
-2.9333574534128797	-4.8085910830014456
-4.0612486482295864	-6.7669028533514499
-5.7006359277328666	-9.6128480522647912
-8.0058779067510670	-13.3032275584385768
-10.8929343828719087	-16.9040002200861394
-13.5956410990402681	-17.8428011166583431
-14.5274516359809649	-13.6566384617167866
-12.6837511208096121	-6.5958321525046424
-9.0992784759162006	-1.4981757244001024
-5.6110761037930299	0.4472740497289895
-3.1501089783194178	0.6565148223031245
-1.7176514897208954	0.3257150370184942
-0.9988580741149837	-0.0606754157313739
-0.7053423266244583	-0.4035628120603444
-0.6587217814374683	-0.7431759407507719
-0.7773572295111666	-1.1616324327843082
-1.0490876291469908	-1.7652363841134222
-1.5162031006109928	-2.7014121741478134
-2.2768244066097409	-4.1913897975888172
-3.4995885402623199	-6.5634692512571924
-5.4367402099530295	-10.2259739176368178
-8.3697110950338711	-15.3309765811311216
-12.2652203509687006	-20.4924921769806403
-15.8402162389049685	-20.9075759908629628
-16.2787115463088590	-12.6458645216950956
-12.5456899723359072	-2.2862154874413321
-7.2348959137178710	2.8719617965962074
-2.9461670747689501	3.9611288408370271
-0.2485605996563565	3.8215974118346043
1.3255112090351264	3.7618318254998364
2.3498890168572690	4.1647617734191567
3.2491887485069193	5.1359971923398140
4.3125479873022172	6.7552356856154248
5.7484062220557384	9.1008511083523231
7.6880877182631213	12.0854320232667849
10.0694893083883397	15.0348383475795391
12.3715728997159857	16.2399011818446937
13.5020005630969457	13.8365192633993228
12.5576510996558550	8.6121211270365325
9.9414341942646676	3.9002607022184463
6.9829912072573430	1.5168850851504141
4.6681878845438014	0.9431402237242859
3.2457031758965984	1.2207853677260048
2.5733771012882851	1.8331624031533920
2.4504237379678977	2.6520017613697693
2.7529588554372104	3.7515073553149985
3.4586568326815286	5.3053657415803048
4.6343602918226683	7.5347958084266891
6.4021067570079362	10.6072483794181114
8.8368746568783507	14.3038378827406056
11.6867634296880141	17.2898907814503566
13.9434140260943149	16.8233697119005612
14.0721396745377074	11.5773317448433506
11.6522005521862155	5.0009371555461692
8.0821250455687981	1.0001630146117826
4.9563609321111173	-0.2836865940005320
2.8765994404668129	-0.2603314578453076
1.7248398750361198	0.1412044481366723
1.1995830032746149	0.5937581369014446
1.0615229672371387	1.0667738898180554
1.1813659274944237	1.6410834217558865
1.5240323278488290	2.4475676672815583
2.1301799167265649	3.6689128507233679
3.1117197190017150	5.5637726266096461
4.6561664297801313	8.4687154749128268
7.0047720759820189	12.6463406236116889
10.2833222384788971	17.6015204247932466
13.9319572123469477	20.5381233334958111
15.9706666969082853	16.7717630708656991
14.3302771967264828	7.3768775161617768
9.8902963445543044	0.0605073944323848
5.3335710131762974	-2.6099754916585085
2.1057264397403799	-2.9054167967307771
0.1809097127298673	-2.6935770655143028
-0.9348696464424608	-2.6877926921587063
-1.6923980039610727	-3.0841176427394665
-2.4080949055664780	-3.9608957648937015
-3.3092895861181746	-5.4314916517943503
-4.5923415858567385	-7.6707500552120145
-6.4443315347746140	-10.8193422634436054
-8.9681352327574917	-14.6182575594790052
-11.8980963003883051	-17.6132954872297240
-14.1527669822583810	-16.8890727630892030
-14.1359923454431353	-11.2390492825916635
-11.5158402412001717	-4.5152439974604839
-7.8270159053582837	-0.6210977703374727
-4.6797243507738031	0.5433428543783010
-2.6190003536741981	0.4737003118462946
-1.4833255742410478	0.0865084473410136
-0.9526681078180287	-0.3089350686545109
-0.7803425219715820	-0.6840651697333239
-0.8300393952025203	-1.1064218445754070
-1.0541238754312521	-1.6791515143611992
-1.4713680751087779	-2.5412595998951528
-2.1599694622162766	-3.8939545496052839
-3.2658364040241414	-6.0332687735409323
-5.0147506506729309	-9.3422250547822649
-7.6793476718588147	-14.0575157408815805
-11.3298596704880996	-19.2885701375561069
-15.0611030552123193	-21.1514118684975294
-16.3613893359585454	-14.8762744207463431
-13.5293992768040834	-4.4824555643003752
-8.4543807027491837	1.8171517629504415
-3.9429655676647668	3.5488415830982549
-0.9754860531609801	3.5401407596237453
0.7592102092409145	3.3907547893397436
1.8250053176365795	3.6188639588403633
2.6692136142285694	4.3633017398367935
3.5995022012337810	5.7080448934065480
4.8414604589696548	7.7662610685224083
6.5718440584894244	10.6026260344293597
8.8624536291335083	13.9233055746645658
11.4574745207007869	16.4802657864526303
13.4562266538331237	15.9744288413706368
13.5722717117321228	11.4102398492908428
11.4601805531288399	5.6124462895277070
8.2805344421167320	1.8885917481191319
5.4241218734311385	0.5746674652828379
3.4872451972046470	0.5587081555077957
2.4259693517036092	1.0191010194450256
2.0040274718785951	1.6509747870199565
2.0280467444386820	2.4429060696720928
2.4085857394888217	3.5178293091171002
3.1568953811511387	5.0738525167462072
4.3700669525964120	7.3618229130659305
6.2045964771002620	10.6011450071422146
8.7801148579282895	14.6317542230127344
11.8748730726921075	18.0473767661399194
14.3926050172137572	17.6560685168723204
14.5458034017677509	11.7408017551787243
11.8286432909447985	4.3977176392552417
7.8837233779040936	0.1483843431977707
4.5057845233601412	-1.0961023782188761
2.2930831378273835	-1.0414830745380699
1.0524721201889018	-0.7112382083183584
0.4196515222401718	-0.4523669963090046
0.1098485548014532	-0.3210290138614514
-0.0503562516769707	-0.2953555845661547
-0.1560901035468655	-0.3536016415994607
-0.2607060373214173	-0.4951397174441359
-0.4018453147158840	-0.7457183506747642
-0.6192245933596741	-1.1641498837382758
-0.9697030388238274	-1.8575867071807770
-1.5451002166851704	-3.0099152295340783
-2.4974212285411292	-4.9248226623004969
-4.0715145251134306	-8.0627670254274619
-6.6180979402098394	-12.9354752701648597
-10.4412036015034886	-19.2993031465111535
-15.0299470844427550	-23.6174695890811144
-17.6633427096462370	-18.4753217151710842
-15.2485051955979820	-5.5404750961170031
-9.3498150417893271	3.1558366445751673
-3.7835177087177208	5.5268601711883658
-0.0932808207539657	5.5220887818494857
2.0694220756455510	5.3689277959440371
3.4189198158059853	5.7168041226268356
4.5063210095775599	6.6835206460326546
5.6774389434342654	8.2544450512584326
7.1178551069023515	10.3168805865054978
8.8472985363263916	12.4948796867672947
10.6311745626757279	13.9313023153430002
11.9070299700877147	13.4794759750910149
12.0120455187080069	10.8030105353014285
10.7719465807151487	7.2284385965512765
8.7538383902867594	4.5051588308626132
6.7668624106597068	3.2312332538490294
5.3127583179625910	3.0660227240172961
4.5175270451542406	3.5571179186716329
4.3231513053953288	4.4748072107746371
4.6493798901538348	5.7884822213380511
5.4589481411170500	7.5588767739543972
6.7499235277711431	9.8062919087849529
8.4844576858700567	12.2995803263519932
10.4400316883993494	14.2580046673002308
12.0415533963370081	14.3481207202269552
12.4777200114703568	11.7807595145652435
11.3547438555880227	7.7534267422543754
9.1869449335602251	4.4493778447340375
6.9216693990318499	2.8092154565986274
5.2006638986632430	2.4775749656938189
4.1977405164296249	2.8769573467076874
3.8416158979523045	3.6959874154281476
4.0239676710557077	4.8777805916792323
4.6899285073350416	6.5026054617105231
5.8469578241845195	8.6735014747198722
7.5167467520805884	11.3474907719292091
9.6091893333091978	14.0156836027605998
11.7012490466416352	15.3655279113387699
12.9172705065243303	13.8236737306707411
12.4242247977297033	9.6033052470906970
10.3452605973854865	5.2253340339652397
7.7142528246671684	2.6351393676169161
5.4928312200066447	1.7989773811668073
4.0512408168837419	1.9543501654880400
3.3495718454402801	2.5812030240327699
3.2366064174077382	3.5123561930020193
3.6053400103279429	4.7952351187051470
4.4341454059819645	6.5770849984653044
5.7725544744966308	9.0082627121645693
7.6797251021955955	12.0535516900749009
10.0658223649717335	15.0695549002994706
12.3978115492122054	16.3402438117266016
13.5617678213550104	13.9446835256945896
12.6223109351189056	8.6465639242518506
9.9759553901626816	3.8537769726425957
6.9765582825433716	1.4341363150597060
4.6296076354194211	0.8526322334520318
3.1859808816952966	1.1262726620961452
2.4978449967462062	1.7269668535156288
2.3582879520466036	2.5223696594107801
2.6385925653702214	3.5843383533322646
3.3127027622006597	5.0849821365130392
4.4454020857122867	7.2490914760249900
6.1623554013649002	10.2674850645077935
8.5596035775413952	13.9954263858144348
11.4419640863571885	17.2335844513575864
13.8730458620536385	17.2477409743679608
14.2703698556084806	12.2785240237066748
12.0095487725584871	5.4658187851605273
8.4009195210204552	1.0971154275345727
5.1395222877282443	-0.3866827922821232
2.9300355488098946	-0.4307171097731514
1.6844482138060870	-0.0545555155645106
1.0918917069361140	0.3655102398306927
0.8945314410229660	0.7766933641845801
0.9450004273122959	1.2439655112617776
1.1901863901980687	1.8770506367701079
1.6492066044857441	2.8261914528054879
2.4056359251283244	4.3070367529414764
3.6142733845273827	6.6280871101160939
5.5068604079184356	10.1569765281690696
8.3330257659657541	14.9961819543819317
12.0377478499089960	19.8267115659527420
15.4327467490275829	20.3150101770541305
15.9620324911784159	12.8645419230237419
12.5889723628974810	3.1064405004758804
7.5904341517166154	-2.0786571443940165
3.4407132601479580	-3.3152307433824819
0.7899723305073025	-3.2153742692482719
-0.7479746739511863	-3.0907753377729326
-1.7071601590057974	-3.3485421644523323
-2.4943047160510088	-4.1029301643995000
-3.3904858838132137	-5.4440681545880629
-4.6109904894314608	-7.5066106787608966
-6.3388318348799153	-10.3972849606852904
-8.6720870041443199	-13.8907654126896212
-11.3958587878438635	-16.7790268316806781
-13.6094914722271856	-16.5819913443990856
-13.8979305160502040	-11.9170088509341738
-11.7645077893414332	-5.6709436948153238
-8.4083392076064882	-1.6065558332367162
-5.3597283134437488	-0.1720348739419550
-3.2820873472576939	-0.1242195979822744
-2.1230528494559175	-0.5431879674136821
-1.6156688715055330	-1.0832907322384153
-1.5371472448049550	-1.7118140055583237
-1.7718091600860206	-2.5282050661854276
-2.3042489716028323	-3.7006470221143930
-3.2048457122128462	-5.4617048065633202
-4.6212347930830129	-8.1013672972980419
-6.7513219032640102	-11.8424507894791837
-9.7049941820355734	-16.3149561850006819
-13.0644353328175651	-19.3701567358293332
-15.2650736412343395	-17.0676739313320844
-14.3795464287259307	-9.1917255990832416
-10.6779337113722868	-1.8954980159008450
-6.4111910980790707	1.3517570433189663
-3.1751086105729627	1.9633695173408916
-1.1902003405217791	1.7566042387092213
-0.0825548856072968	1.5512315845586837
0.5562937455144268	1.5842373516392811
1.0183972015347482	1.9088565916155289
1.4970166564933169	2.5740761316927059
2.1408330332798480	3.6928958599932669
3.1036278131397323	5.4704307176858684
4.5792044861143157	8.1978541262176847
6.7980915595862506	12.1140705597138680
9.8902615615369491	16.8199935068121178
13.4006785414810352	19.9346358034230562
15.6032544762473755	17.1422956696289432
14.4567543543319026	8.5745346319014022
10.4313723316267986	1.1225078632328227
5.9919738780122342	-1.9481466498004565
2.7172570537962710	-2.4326175909948153
0.7331816768280657	-2.2188008490015925
-0.3919255069941543	-2.0992251800037081
-1.0922441009832529	-2.2981812142382321
-1.6762597574803293	-2.8834884325392931
-2.3579243589369137	-3.9410447496631704
-3.3163150281883027	-5.6337889628856814
-4.7408142359801335	-8.1948877345658708
-6.8326334466269021	-11.7903119963158076
-9.6831132077818065	-16.0105107463600547
-12.8726247450602074	-18.8149182062593425
-14.9417503890101848	-16.6462229929952166
-14.1369535752782802	-9.3448318853267640
-10.6854806460062974	-2.4331881963929414
-6.6409186122333725	0.7840033368221628
-3.5256230449212511	1.4506933994718838
-1.6017446557846124	1.2445020706971979
-0.5473458539515732	0.9617348725769044
0.0111869357331664	0.8334217495742460
0.3396861201365151	0.8912684035914938
0.6019626305501553	1.1378669741274039
0.9040919472411091	1.6084588807470204
1.3359869053164892	2.3963390163697458
2.0053319519505974	3.6757722979147074
3.0683773822976836	5.7296066027364674
4.7558100086485346	8.9481283607496849
7.3563512153124044	13.6325218094689369
11.0012541656973948	19.0860950929247544
14.9148024111340103	21.6227451771479089
16.5985867493097388	15.8963413251732710
14.0101428464883178	5.0991049661988441
8.8480746514011201	-1.8265042855240736
4.1125547331628924	-3.8154636065357646
0.9606790544080419	-3.8494491374398914
-0.8892523750533694	-3.6966509788556396
-2.0253632267081594	-3.9340633091012598
-2.9210368254294385	-4.7120118136487861
-3.9000381352865334	-6.1083396602611284
-5.1920255991213935	-8.2132618604366598
-6.9604750382544562	-11.0329603209556826
-9.2338517592756268	-14.1569480865133528
-11.6796612492755685	-16.2265908041680547
-13.3613456297975173	-15.1415931516129874
-13.1491670675636403	-10.5025184167388872
-10.9463796781570473	-5.2181364228284570
-7.9301049053381014	-2.0085452292169901
-5.3192475952925218	-0.9425924518849444
-3.5904505663643000	-1.0173777599990421
-2.6821484745164383	-1.5421490713707424
-2.3854468094006736	-2.2789916653320423
-2.5414780652458964	-3.2490678182019987
-3.0920500715890351	-4.5985249218741187
-4.0750433522694944	-6.5395543032092167
-5.6010885379705639	-9.2873093322568465
-7.7891272592843723	-12.8465866210475816
-10.5695933110667131	-16.4250528753683689
-13.2687280747081253	-17.6984857014681261
-14.4073586153126580	-14.1430112634996537
-12.8835301006959906	-7.3810292202705838
-9.4981098802341997	-2.0938660305177992
-6.0302319707301182	0.1072943205423318
-3.5073417451470763	0.4396219869935239
-2.0135882959181717	0.1242098621325831
-1.2655770005707017	-0.3067908597719016
-0.9808264117547016	-0.7350652003379174
-0.9823882078904834	-1.2057231950008782
-1.1952704377816497	-1.8231820012761293
-1.6236553489556103	-2.7328597888554018
-2.3392218591889873	-4.1406841532372809
-3.4845020431105400	-6.3401676760359926
-5.2783944010731858	-9.6901829094031271
-7.9691411649862971	-14.3456394367831415
-11.5600514616333871	-19.2453913447178877
-15.0518786533581768	-20.4813525597747876
-16.0195652824687613	-13.9908025258482933
-13.0905905616066498	-4.1998490092370488
-8.2053364921656691	1.5512405780796481
-3.9413530071962120	3.1144414327284284
-1.1511330535836444	3.0870270740431289
0.4720963611407298	2.9218658308364605
1.4561058683061403	3.0937724381776635
2.2180044214523535	3.7319808768801339
3.0459385321390937	4.9219554490556288
4.1577518790584875	6.7984612849762804
5.7452381570219302	9.5104552037281049
7.9505193107928172	12.9930026808182113
10.6881050995103308	16.3763779551999740
13.2581273948730782	17.3524264780674855
14.2271745670726908	13.6709190279265052
12.6313225957357993	7.1464783830491250
9.3215532687564142	2.1673681102198854
5.9888371931407605	0.1154711218202786
3.5808144892911571	-0.1742794689865244
2.1672411641360472	0.1646466362499306
1.4812050175161415	0.6426689075594884
1.2611803375693282	1.1610004565709344
1.3497369459083619	1.7827032939886560
1.6925095203969496	2.6395066737628188
2.3199591114031026	3.9187208014940307
3.3389943652702971	5.8792706046180196
4.9312064205740898	8.8408962970528293
7.3187867445749513	13.0010827234276363
10.5714006712907640	17.7086272705346843
14.0290364894065043	20.0458791947786779
15.7169582287473730	15.8162730029792051
13.8622888328786278	6.8102416296357724
9.5278123841732096	0.1431747877052594
5.2195255553033126	-2.2355405276416858
2.2004758890449621	-2.4713721795924015
0.4124180382580949	-2.2425216192864097
-0.6082369421605569	-2.1875907806815076
-1.2772405710937145	-2.4785812961661633
-1.8833933513914500	-3.1806191618060415
-2.6324300069724327	-4.3958454735988415
-3.7059989630833035	-6.3062897111333047
-5.2992031507101602	-9.1420662280813136
-7.5988440521125735	-12.9697076803079074
-10.5995920248063893	-17.0263637383197910
-13.6220936282014353	-18.7011306128730546
-14.9719611890451247	-14.8093284745233724
-13.2893991675760539	-7.1103082246248794
-9.4977585357465202	-1.2534642778980833
-5.6735605572001457	1.0228390111057970
-2.9404284879699580	1.3127381236905507
-1.3228127603504707	1.0320113690690356
-0.4600589609259267	0.7611977937807488
-0.0116924380540961	0.6433459249422231
0.2486193329622422	0.6840458010028466
0.4553719759706547	0.8778930818914974
0.6939463616033567	1.2512017338502215
1.0365328269314176	1.8797279416693065
1.5706496913100338	2.9081310235213578
2.4262720049304765	4.5799060313936053
3.8047394135536194	7.2651682666385096
5.9936726183163831	11.3977331333073693
9.2759342222967032	16.9668178893353527
13.4352303161488926	21.7945723307364787
16.6410083177686943	20.0105014626008000
15.8900488460870299	9.6318164283415015
11.1930715338420370	-0.1066466975845071
5.7706846551745770	-3.9223616160679353
1.7941412085891182	-4.4257575299596192
-0.6093129875674199	-4.2297319584249724
-2.0345438476028650	-4.3210615891937474
-3.0478043395967802	-4.9567788450270251
-4.0430983759494845	-6.2103636535754276
-5.2821754998933272	-8.1343452482745722
-6.9325537830723931	-10.7006548345461514
-9.0222575423763445	-13.5281695231827221
-11.2643688880984456	-15.4634370258974574
-12.8685462800813255	-14.7409130979002256
-12.8530820965650872	-10.8634819046565365
-11.0313956007730809	-6.0803069259004641
-8.3363908717870601	-2.8901995634692978
-5.8808191187728962	-1.6713395016175994
-4.1936406067849754	-1.6484429767585580
-3.2936274378741479	-2.1766624519780962
-3.0225061005452063	-3.0039219093495917
-3.2455102875766491	-4.1370058696761340
-3.9145979258102073	-5.7115364782687568
-5.0662577923343193	-7.9065158978678980
-6.7813947699088892	-10.8150507924568018
-9.0730901830064425	-14.1153438419056485
-11.6277782268354528	-16.4892890780300512
-13.4964084965901954	-15.6683875268661037
-13.4318509257781695	-10.9408304877493006
-11.2155103995915848	-5.2947021112197286
-8.0586165042791915	-1.8066569429335670
-5.2903206210819986	-0.6313733482309924
-3.4418678864033945	-0.6699204323041515
-2.4478092447883206	-1.1551916943756011
-2.0763766515081437	-1.8153891079243087
-2.1459111696393411	-2.6550062973474851
-2.5787513017301009	-3.8067929010406649
-3.3967283272046216	-5.4766664897170605
-4.7049999409682863	-7.9141382371146864
-6.6574568976820139	-11.2965074492316475
-9.3336373877522227	-15.3041659207197664
-12.3870458997305199	-18.2108319352040482
-14.5525429995901519	-16.7896340810790363
-14.1488895943940260	-10.3099437121618625
-11.1093259775664244	-3.4660094509344654
-7.2356246523722945	0.0872105377845180
-4.1050378021619878	0.9850192740083079
-2.1200203834056657	0.8311632763471446
-1.0351996176956140	0.4819356490697122
-0.5029098827918671	0.2026346641673966
-0.2684346677298473	0.0180755660712588
-0.1849545475304142	-0.1107767583839625
-0.1808015202020361	-0.2278507117060463
-0.2287649100813853	-0.3726689781841823
-0.3280893832206815	-0.5875928525837140
-0.4978060701669484	-0.9307810085176900
-0.7788293367862865	-1.4943622497806979
-1.2441454303076920	-2.4316829666478221
-2.0185358111645755	-3.9982781098967202
-3.3091334590733501	-6.6011837709733214
-5.4354487105628415	-10.7880522452430014
-8.7780092330178299	-16.8317210355370470
-13.3196497511828156	-22.8862815522122816
-17.2776397870922018	-22.1892204429812878
-16.9381857994450371	-10.6210789494649376
-11.7934833454327936	0.9796688110472225
-5.6322037981842499	5.3815786945385318
-1.1332033003086703	5.8667566785451797
1.5651006637305604	5.6271610727049737
3.1698264669983987	5.7596573763426528
4.3228677631310592	6.4969622981193895
5.4437307563151025	7.8396967136150684
6.7669799666461934	9.6948571151333915
8.3626758944997981	11.7749146692707676
10.0817768451342982	13.3993533032887999
11.4781188448714691	13.5299655072059721
11.9260420860084224	11.5524010540473085
11.0959469808627098	8.2792332943317000
9.3362452935546862	5.3753213856904409
7.3906521059784724	3.7627347414236740
5.8400312738202524	3.3321556373833356
4.9045194418198292	3.6602721798330902
4.5742274870354462	4.4685741698155290
4.7773529261141734	5.6773226231776581
5.4660357212191180	7.3163443157859200
6.6247967113272805	9.4007841615357854
8.2153358748662590	11.7461436085206081
10.0519510561278977	13.7090733614354701
11.6490775218502165	14.1281455454569773
12.2742631640176203	12.1361654250229591
11.4674038377269323	8.5049654522883138
9.5605483274221257	5.1950156628644955
7.4001427440950600	3.3496665038123665
5.6619867445977148	2.8341847867809262
4.5929748066864944	3.1284529224043598
4.1682139502609239	3.8967536364224760
4.2940987644452395	5.0464020262897229
4.9115891350242054	6.6270209481796565
6.0140272613058974	8.7124778564750507
7.6032375747245968	11.2331454213345054
9.5719671851746071	13.6874081041337003
11.5105253657475544	14.8788460945644516
12.6232817403606710	13.4484644590524844
12.1769116149981329	9.6156292860712966
10.2791979919688252	5.5805568234155931
7.8456253779840903	3.1090602255139359
5.7588848315577383	2.2633781960133028
4.3903108172451519	2.3990439702774093
3.7321653245051443	3.0422809924181107
3.6610554967372382	4.0314660148947370
4.0855053252400246	5.4052007832204332
4.9870987233173478	7.2872951090229519
6.4010587641092229	9.7662066426469121
8.3377437637185423	12.6650547079368252
10.6036279435199212	15.1289721007755311
12.5496123883455972	15.4472249687383982
13.1376135790305657	12.3983075859788343
11.8068418875234684	7.4738825892426481
9.2096031498218558	3.5774822091793319
6.5499471047319062	1.7870570231644165
4.5761160562935670	1.4771959714704928
3.4273537135988814	1.8741453453126304
2.9641709542060424	2.6042677669285879
3.0272907365199968	3.6087168690520390
3.5363171352062146	4.9935489985569372
4.5024836696983934	6.9378109786108739
6.0032499288502299	9.6003716442513305
8.1064027071340163	12.8882706795882402
10.6721785154892945	15.9327951412723507
13.0081379566021091	16.6441757792680463
13.8274321531341808	13.1887160702340562
12.3278621019227828	7.2751563368183270
9.2856651956865601	2.7009976442176491
6.2026422973544086	0.7369145282155232
3.9528710017527438	0.4357063553379867
2.6358861155030961	0.7996418730068033
2.0342507957281457	1.3810822426284535
1.9260404887718015	2.0991986883022813
2.1861057534403252	3.0436591986613166
2.7936982921179259	4.3896347625445102
3.8189667451502429	6.3742034570164066
5.4049103080812984	9.2537657963313578
7.7103874082918527	13.0893599700974139
10.7029023360358782	17.0759984026161185
13.6684018764024806	18.5706662790620989
14.9108329814552700	14.5250575498830941
13.1494937502611613	6.8980385429505748
9.3668134396834937	1.2148586163742134
5.6031076188261100	-0.9613961581812562
2.9299368219410340	-1.2201913150015917
1.3550444811471605	-0.9300585483358090
0.5221161172128946	-0.6462909260212033
0.0996747703848750	-0.5014711780985341
-0.1300673823742811	-0.4941702661877848
-0.2932293845175682	-0.6091580260207046
-0.4648988776013218	-0.8559563447676057
-0.7021301008826947	-1.2819735552770752
-1.0685499854283842	-1.9857663218364525
-1.6565473468174847	-3.1409942389892702
-2.6129899509502028	-5.0329446965173315
-4.1688430988593304	-8.0852043892562584
-6.6459886439959828	-12.7451495005399735
-10.3059874987989240	-18.7278016074882849
-14.6510360425602393	-22.7843565837608537
-17.2119718387221887	-18.2770598746734869
-15.1306691609562112	-6.3552549945363754
-9.6584275318962796	2.1726314579199943
-4.3153824277118309	4.7478417876874319
-0.6949940736100668	4.8482250280284118
1.4399978804471818	4.6833072003113410
2.7530883479140078	4.9576343969313434
3.7838071659832631	5.8311239358846789
4.8885182920940409	7.3416774163498157
6.2889175134649573	9.4774897768394641
8.0813760813183411	12.0317849908368331
10.1448037849282464	14.2842393307543478
11.9710883550590346	14.8414235434272612
12.7039390007139907	12.5677356446827329
11.7778251694970919	8.3658089443589603
9.5956889585472283	4.6378126019920316
7.1682668053313963	2.6687491315931080
5.2553040706041427	2.1708124356497360
4.0908689457577037	2.4856175794311088
3.6072917035374030	3.2293172210995209
3.6779572604405382	4.3104706308830103
4.2298075278919915	5.8043997737437518
5.2641595558277254	7.8440253207876527
6.8237883184021983	10.4845878446051941
8.8930100135755641	13.4245526405502495
11.1860395040726281	15.5642423819516384
12.9115469594804129	15.0682172440887783
13.0243944418731363	11.2295504695069912
11.2431959427112655	6.2572837687555465
8.4877401362033176	2.8576940757631997
5.9327682979353824	1.5260381593485386
4.1569675024790884	1.4575251693909239
3.1900929196983836	1.9564090993885419
2.8649346342368820	2.7422279389466384
3.0339443305099736	3.8096899167738210
3.6385813807457850	5.2913122383847107
4.7102541306621220	7.3767647173071067
6.3379489656708392	10.2083165881562330
8.5757041479347507	13.5986918188840171
11.2080383469063669	16.4404200206353650
13.3921118168139408	16.4237683067590652
13.7838461881502496	12.1369405152633583
11.8384006830174791	6.1141593198142683
8.6248673713850152	2.0109871861201061
5.6272624099165345	0.4708902236196131
3.5478854085064908	0.3672084923724223
2.3785978185777421	0.7885770318146548
1.8757916564729959	1.3753915537726051
1.8268126775068694	2.0900343815782616
2.1227600619949447	3.0388068601236919
2.7568995203850557	4.4045355271484068
3.8106925982240396	6.4319434661973336
5.4373919750263333	9.3863448509072747
7.8039344601815586	13.3258387064555190
10.8711577835548034	17.3834419177591109
13.8728958550568198	18.7489012681332525
15.0272705186846771	14.3267704939714200
13.0794599470351542	6.4525590430281934
9.1555484235868860	0.8302540238936960
5.3522571119528939	-1.2161032275775243
2.6933164134053369	-1.4132020332435851
1.1367159349384228	-1.1263824983105242
0.3038207734232230	-0.8891346099302558
-0.1448021978591898	-0.8281368326121894
-0.4329638285929577	-0.9522203078123043
-0.6976595728115010	-1.2714651773973871
-1.0343266337972263	-1.8394490527941936
-1.5352152439360109	-2.7752423397644042
-2.3215518367630947	-4.2885356237360028
-3.5736349978952755	-6.7047382755254130
-5.5497089726199018	-10.4268861037271154
-8.5277388668640057	-15.5713444609055678
-12.4417114181058253	-20.6325402656219161
-15.9312623202330972	-20.6876004596294578
-16.1754583070706488	-12.1469307384891358
-12.3143296114457073	-1.9602926378129375
-7.0228726074067964	2.9472629437378952
-2.8137501808970349	3.9356609731561809
-0.1827073414385794	3.7832498192988413
1.3528628939707232	3.7368398138427019
2.3604242751426439	4.1574565192856099
3.2565870571868452	5.1469273251688783
4.3256372990558614	6.7868208668680845
5.7739445817567825	9.1572131502841856
7.7312111203519880	12.1663258287467428
10.1296061928293266	15.1200336563304099
12.4328766558038524	16.2744267362971833
13.5314786592301175	13.7692685186709713
12.5324974933017970	8.4787888781793850
9.8751739020068889	3.7831291000687086
6.9063761533004309	1.4452122310397044
4.6007223077906243	0.9020289785274155
3.1916086975372728	1.1912965147865200
2.5293422684396312	1.8042101085770821
2.4114289445530988	2.6182853524494920
2.7145135097453492	3.7103248250747241
3.4172598079574383	5.2552980419748536
4.5877446044416743	7.4767542972732848
6.3504941688643326	10.5490263043861106
8.7865357473647840	14.2691584989274034
11.6553261844889491	17.3216930679229293
13.9559939767941472	16.9412930317978017
14.1319241580387374	11.7061857475990596
11.7231469639204064	5.0484039727109238
8.1264968399630781	0.9720717883316041
4.9643436491740864	-0.3432815853940752
2.8556631434854931	-0.3293283719158419
1.6835189564649471	0.0645718966811742
1.1415058073563453	0.5020034876463828
0.9848418129528889	0.9475026838957221
1.0789969988390142	1.4764969620939161
1.3830040873721963	2.2114043721060526
1.9297058101302778	3.3220721593026044
2.8204346657638397	5.0513607306091020
4.2313718371443088	7.7302464620378029
6.4054686464698074	11.6811201932577049
9.5329243145257294	16.6859823369976183
13.2752928659775389	20.5292838740081187
15.9204990189781626	18.3777321939856080
15.0686907042523046	9.3523355922067655
10.9045272447817272	0.9726838605261232
6.1101907590323226	-2.5363705031368693
2.5337386081987101	-3.1045319640489017
0.3538512467886497	-2.9108855420447610
-0.9068178718221447	-2.8625338052585274
-1.7349839742669926	-3.2184668342242557
-2.4800790455804962	-4.0656216902367106
-3.3882413570596368	-5.5079577300937519
-4.6618547196648361	-7.7038285114498635
-6.4840535081312867	-10.7727911657547963
-8.9478767082660564	-14.4432610892961204
-11.7877846568973208	-17.3125553547648892
-13.9697253886344086	-16.6373746518257448
-13.9845358519256919	-11.2792015551522393
-11.4988930178440398	-4.8050973256822136
-7.9454583271467296	-0.9557479334710073
-4.8757253264671485	0.2465251259306604
-2.8493386464999384	0.1955202627420877
-1.7361550971655981	-0.2162973031362124
-1.2384142644546963	-0.6815818298461203
-1.1242613256249947	-1.1787341907633400
-1.2716469264466606	-1.7948250191186315
-1.6526154018876473	-2.6687870867230377
-2.3160807907357568	-3.9950569952301209
-3.3841407401765968	-6.0456989945172328
-5.0537794376934659	-9.1566117620004288
-7.5590962375641357	-13.5146763475210889
-10.9498141248761396	-18.3271679842389368
